0.06009166025124865
0.05484354657218085
0.04802636874819839
0.0433537419790584
0.03716330270545475
0.03785628230227148
0.03300957105284901
0.0364263568687535
0.028536436806811172
0.02737700786870902
0.02859745641808272
0.02736459346111676
0.02675590663643603
0.027742032730844374
0.030844338599150957
0.031057613438552772
0.026045138703988124
0.032057064006547564
0.026709590489374102
0.030756215537190098
0.030239165455808927
0.025332131443373547
0.02546418352126202
0.022351379249476045
0.025630070245514447
0.027132487944294677
0.022353550140474496
0.02731215363125707
0.024664967320493374
0.027043665960371648
0.028281150024730403
0.021456277765188908
0.0217964551516323
0.017854877936375205
0.020329038228255214
0.02433014087891341
0.021355441599229946
0.023113733224153624
0.020039927249355015
0.021696659419912213
0.023474499571336536
0.01951902991589848
0.020999689578573958
0.02444192974165362
0.027413995569552645
0.02373969255212914
0.027879945404753994
0.031357724076532874
0.02695504117188896
0.03295545246444132
0.024798687407073836
0.02368144551977908
0.027764325674337648
0.020746883799036674
0.02161081105545865
0.018379419607610997
0.022361821597361636
0.018524028636423003
0.021959827299603673
0.0168368005422348
0.019702682924616566
0.021337204957945274
0.018046956723573097
0.019871438178397868
0.021632164245163364
0.02084127100006837
0.023576203514209453
0.01919965319165343
0.015422017771412104
0.019045323283569525
0.01813031336872527
0.019868399054307376
0.018707138795159867
0.01968663705844473
0.023703788823779274
0.01648956917231627
0.018384970388182494
0.019519469873361492
0.02011002141307408
0.014815095385572852
0.015466180414916684
0.015561753592147525
0.020687171928942483
0.01539073783684584
0.014012852630709897
0.016969683960230922
0.015943463027253517
0.016838135488807977
0.017975417767014567
0.01719238839576355
0.016558745699462907
0.01819972976769246
0.01871201414245797
0.019444926270077996
0.016807469338967835
0.018387044119383966
0.01582699422697196
0.016241098123401094
0.016548666003097786
0.015648450767453848
0.016136981116192425
0.012943980530921632
0.013986528999531768
0.012051370038564593
0.013051464029269088
0.0169156862734619
0.01346976500942577
0.015808736998976173
0.016750299614826738
0.01312957917659715
0.013686860903929001
0.011770247691320517
0.011602679588566128
0.01129173909313841
0.014762831952137768
0.014162700083662376
0.014669508851783775
0.01123815123128953
0.014949142294175415
0.012331773570159545
0.015900843075832734
0.012731735789669192
0.010412992095841789
0.012078870565259315
0.013000375787316054
0.015565752074518036
0.015035266282209579
0.015829469619110345
0.011464645124208446
0.008850117417813969
0.012451686573993183
0.012003593671171615
0.014178039555484058
0.01505841335485839
0.018207402040866485
0.015430250495513033
0.012670363018654164
0.008782720289721808
0.012481998003176821
0.009977497960607692
0.01268535853047006
0.010306205093891258
0.011890151489449743
0.014059629048235694
0.013509019472071646
0.011268752955014864
0.011054112212475943
0.012913791867599755
0.009486460409107191
0.010042235621346506
0.01008093587460317
0.011491314179800488
0.011613517955630233
0.012063979966505795
0.01253796520180364
0.01157525681345084
0.012483703098622012
0.012017599580700141
0.01180508246024529
0.011742814445886084
0.011790197351318971
0.011070709152964773
0.01260747900432251
0.011547786301798153
0.014123626829794782
0.009911094335567583
0.00660004468118601
0.010348605678215737
0.010659151420698794
0.011747075635070716
0.010500300366404062
0.007744740513463289
0.013701010065473954
0.010960831968030976
0.011163521100003931
0.011151915370713885
0.01433616931472528
0.013965705826042224
0.010535741927765803
0.009010455172918654
0.010299505882697109
0.009048992400976182
0.00965504729734152
0.01026475752687441
0.012010941987304855
0.010453361006842393
0.016046234856800005
0.007851613813575882
0.011972059739871914
0.009832247691656942
0.010111861593949587
0.01278415208795168
0.010744025460211783
0.008510840519623612
0.012817712509897489
0.013643310033479204
0.008264338336495569
0.009812353198274353
0.009239732030054673
0.012831479211168886
0.011837463883438634
0.011769549353605725
0.012129118232622074
0.00896503093371997
0.011272887803653908
0.008831065210200006
0.012567637691031934
0.01316783777873915
0.013067618191747388
0.010110038675902214
0.012754934091498617
0.01242259825057319
0.012853877705462792
0.010124039787698474
0.013414433813001265
0.008677848618239026
0.012839937626014571
0.011768686167076749
0.013227205645309364
0.011074662931981602
0.009736171377957141
0.016270456192629967
0.011551463652979991
0.012010329851825756
0.009850802633468604
0.00959830251832212
0.01359746775532397
0.01339102911830146
0.009225172999964263
0.014754923242597199
0.009814681495428381
0.00868120634933972
0.00759260818509239
0.010830673407231269
0.01226017279885903
0.011988227224305639
0.010795946889066018
0.01069311205836758
0.012166605288205665
0.009528285701508949
0.010544527872041336
0.008007086304981705
0.01104109537073501
0.01586633703444131
0.010630526304615796
0.007394670436778627
0.009374462485291498
0.01002356857104545
0.012007421484501608
0.009095808195219483
0.007232544128661854
0.009632978935049198
0.009747976310097904
0.00903698942521007
0.007667005366042581
0.00907555850796995
0.009310689403795917
0.009284137139892498
0.008417386855291677
0.014439521031627937
0.012457167254163227
0.010438426268943118
0.01282209106001206
0.012870506740908222
0.011509106602134224
0.009890201459990988
0.01233824851844407
0.012702417519669102
0.008547037810067522
0.00910962026707031
0.011380720196392118
0.013997732946839227
0.012444385092925739
0.008717307513239646
0.007736713552786621
0.012573961648255078
0.008502570544262393
0.006009767215425329
0.012560920820223774
0.009102051214034984
0.010138026618425791
0.011018935042496715
0.01100735419237526
0.009757995588939437
0.008761461260820625
0.010626625535849818
0.009814016442384051
0.010811844979915953
0.00825797437987316
0.00946639902506463
0.012076222590322181
0.009418079609737203
0.008560258588103194
0.009622695968681328
0.006697899817364913
0.007823074878638403
0.010343380419142722
0.011054514258802012
0.011939525951943678
0.015194534107792602
0.0109322797802947
0.009126258894708377
0.010535015415686851
0.005330025673010847
0.010115100256291839
0.0074812253836992115
0.008359868795644165
0.0126275883572905
0.008131249750452362
0.009633373741129792
0.009546352329252557
0.005496444939950667
0.008634001575819823
0.008795527583819025
0.01135507451578264
0.008076244553227235
0.007273049774705169
0.008462894992214386
0.008984253748597848
0.010744679268949129
0.009692264741352659
0.010456268034924679
0.010750099299255697
0.00814738423739235
0.00903391132787741
0.008318252778123114
0.009110929008668684
0.00963271732873039
0.01014895984123338
0.006901542848703399
0.009859662730962943
0.012587897134689913
0.008816187496399217
0.007565215605263296
0.009456718845366021
0.006799624935259963
0.009636758547646757
0.009391989522039302
0.007843825202858853
0.008392907630455167
0.008095933005711143
0.007698991660117099
0.009513120472845586
0.007797837787193838
0.008121306550048312
0.009033051572035843
0.007395537322907205
0.007041868792045987
0.0072481424411457605
0.008701248199158478
0.009242341828134592
0.004991626070948651
0.00880661851243862
0.0072156954158529765
0.006014549417736932
0.0055383870007380985
0.005420845235157769
0.011243547984686126
0.006955014582046541
0.008321074432060762
0.008331636964450958
0.008848510706826872
0.005896053077619648
0.00754489562921098
0.006448748122233541
0.008040013042113301
0.009772977094895718
0.007795542477414517
0.007552196774039403
0.007790494868744034
0.010042928174061185
0.00790774882539347
0.006776702179095896
0.007516512098264331
0.007043310762220025
0.007892326508571622
0.009518205961952105
0.00925480210930978
0.008614219349552983
0.006656214294767888
0.008390141332008223
0.0056905788886883
0.004273370386183913
0.008826408803274524
0.008599345343276525
0.008300508526501204
0.008536844003752491
0.007770323480287703
0.007548638979764728
0.009031644084919912
0.010572627801290915
0.007739638082598127
0.007386085086065304
0.008064261429154907
0.00767423395579093
0.011372306219546945
0.008347491612564924
0.007191864737738537
0.01017263042188064
0.00966181429651653
0.008450512943653227
0.009860192949575627
0.006862319163342185
0.007767131333794433
0.009910477296469771
0.00854555266036604
0.00785313083780828
0.008076504114891024
0.006904767756755215
0.007821337873959722
0.008689089203316253
0.008128364372343733
0.007081404653188687
0.006913359635741914
0.008495857543458168
0.008795635136126112
0.006550982592878219
0.00799972895571297
0.006554314513490637
0.009343270694977658
0.006999705371504852
0.010099955305872047
0.00578564128527217
0.006384557386760174
0.010724730815178116
0.007309879585017881
0.0071502740132270435
0.011548182035495163
0.007167388810106695
0.008087607416696493
0.010827819106042367
0.009101460710467161
0.006707815460201968
0.0050322904877337215
0.007809005522482765
0.010566568193350154
0.010635406948095465
0.008623993356619761
0.005840245064037955
0.01075455247196973
0.006832699815193734
0.009902841683017367
0.008205650507241391
0.007110378776170136
0.009405841402887577
0.01131897720887627
0.011073613649323572
0.00563854590299656
0.00881305559519455
0.009629995029793765
0.009817497385310108
0.011264738446034317
0.008853180943428305
0.0053855121001200905
0.0061412302631930395
0.006855174440081201
0.007167353248175559
0.008518183562338359
0.006294157652305024
0.007449819069300206
0.006770007000341162
0.006180082113309666
0.006575755862941812
0.009130722996436644
0.006293000811186755
0.008312942598597026
0.007633777319072668
0.005527439267804732
0.007318119210770993
0.008113390032297847
0.005826758921098257
0.008035241830748151
0.006892056022665883
0.0075793322380830475
0.005232780027842138
0.007787226244568015
0.008264416844726556
0.005683843503607709
0.007723121235123379
0.004975062345700366
0.00751567672145131
0.00777848403844852
0.006972505283643971
0.005272475778017926
0.0074131500279517246
0.005727947564371175
0.009104026812898468
0.006977546547830519
0.007948323966023303
0.004765539692211767
0.005998764098394512
0.008761213269804006
0.006402579396780876
0.005900776125213478
0.007185275596368438
0.005681257040732403
0.005684595078979118
0.009629655396568544
0.005515991407325984
0.006217328182390503
0.0067114873464403
0.00629943040168113
0.004744006731861945
0.0071372807263711735
0.006785761329536821
0.005314832157257734
0.0059285967855165446
0.004955290960294299
0.006870582013836723
0.006090656540535395
0.004213584047299808
0.005915576233099152
0.005956071491251525
0.007241903630187895
0.006590563394634274
0.007169223165123211
0.0077847058877409635
0.007369564197313467
0.008114548313715515
0.004896819933963894
0.005002446156933639
0.006753666907042973
0.006001211358286284
0.008901689891557547
0.0063683871031419495
0.009069066412042722
0.007527081068299741
0.005622583301119145
0.007109711569266124
0.006598405246612312
0.0063985385180550455
0.00804220725554279
0.007669495366748397
0.007046031323660462
0.00697830427168909
0.004976008970604642
0.007204049192960911
0.005742547274028497
0.006554172853493852
0.0058364160455161174
0.008496981802365262
0.007561373230990626
0.006827008344576997
0.008492976886743045
0.008398310107787191
0.010590936505722865
0.006977815370212062
0.009135278253302268
0.007265567241136381
0.005597708653984665
0.005176031678215608
0.008475975017061932
0.007575581181044811
0.006975460617167177
0.007802310899795447
0.006375384661679306
0.008152015986430573
0.006242136563570152
0.006393258147101787
0.00595058420604835
0.005446493191935851
0.005905854466788569
0.009638886464136071
0.007009617926862017
0.006078797916664001
0.005164662207370875
0.005311746239234595
0.007788006748378955
0.00575411983511942
0.006560661275041234
0.004508321915928775
0.0058273869073183346
0.00561295740095052
0.005810568503843449
0.006294118881677835
0.006690592602192196
0.00775371351463521
0.006264862121999476
0.005667966373896702
0.006576906086408826
0.005004071726817265
0.005942458604894345
0.004522393079858302
0.008361148718874074
0.005607070834249585
0.006392132967199268
0.006780603298874993
0.004514757617397634
0.007863695146417644
0.008055844895594976
0.006640896509540045
0.007406535655320732
0.008876792177892287
0.006446782697014218
0.0054464064144652685
0.00644333961258906
0.006059824726881788
0.006191617397557098
0.007711900080028383
0.011233337039822771
0.007912069364879695
0.005965861116650153
0.004686786197056977
0.006367665025606377
0.005862898902834351
0.006899920216632171
0.005525324389122744
0.00647978452516311
0.007034818451479698
0.005680729866681414
0.005474121158497523
0.006103041969304322
0.00646758375597858
0.004890740465404719
0.00782209156365314
0.007538763747939347
0.008730068444852851
0.0059241229247001875
0.007187821934008209
0.005962833083756266
0.007031695583464257
0.006305328320798001
0.0071475099428617295
0.0066681537268847325
0.00615268230159722
0.006531172017841259
0.007214809427823628
0.006234864502234171
0.006802933001107295
0.006102186939603717
0.008341125248728902
0.007563132624213912
0.008999142891093867
0.006833326730346851
0.007683146707895795
0.006238520591349049
0.00651457285548657
0.0053240078086882305
0.007906140854279297
0.0057819814817651645
0.007771030228443018
0.008471980338187201
0.005800354369546662
0.006886880732996233
0.006964904636335818
0.006782487769338503
0.005280857695185725
0.004656584314423771
0.009430038746642947
0.00698538182551447
0.00741054897732926
0.006163376501353719
0.007140353890494845
0.005617509998071805
0.007837129632999939
0.006341229185300616
0.008118458975375088
0.007727582630234751
0.008573795720015124
0.0075308432264521285
0.007306965041671342
0.00616593573470043
0.0059460122857940105
0.006869512068306969
0.0065091693708525826
0.004665504082566045
0.0071532811715989105
0.006097703657939022
0.0060166463472630495
0.008324107396098266
0.0056938304246853255
0.008542384352573228
0.005521137392455192
0.005799585507156159
0.006406440504457946
0.00600255351375766
0.006580526337165302
0.005052222077520921
0.006396724986370188
0.006720144286555372
0.0075765354387249085
0.005981460619404366
0.005905468223779776
0.00599125167663039
0.006782255530312308
0.004470205678615523
0.006065266389664839
0.005456641582890788
0.00598407191532578
0.005683752171343649
0.006333307771535348
0.0060971104117903945
0.0055814704312428754
0.005568134480471053
0.0061338507992222254
0.00526243202972345
0.005074924943786786
0.0054571498032156785
0.00674851754421051
0.004579068388824227
0.005165716662923796
0.005180952631080904
0.004692323858140286
0.0059422265539605355
0.0056300327474969976
0.00695896708725662
0.006292995294827497
0.005126263656682214
0.004592345424213425
0.0052288074192094434
0.007397760006679329
0.007646932375134358
0.006248175994524776
0.008027438332166568
0.00702384649456629
0.005715679493983508
0.005915749855393397
0.008578608770899394
0.008551792971766869
0.007761325292954072
0.008163057466463898
0.006952317070676808
0.006256622577511072
0.0057649259641441315
0.007949295682718125
0.006408949722155792
0.006551527856088393
0.005042203773019582
0.005121949496331897
0.00649322397806787
0.00488012259535515
0.004735648657089349
0.00426060108840294
0.006448579085280414
0.0065063647785249005
0.005887268861434199
0.0068182552962406644
0.0072028935701828846
0.007864888758123894
0.006378690289568073
0.004147109646501452
0.005383714685301098
0.007163610815523932
0.00684010342619627
0.006084889960830802
0.005450341488008843
0.007900132196421402
0.007076787838485716
0.0046160341940683835
0.0054559007616636745
0.004545655050564145
0.003779212993570992
0.006112602956091516
0.006234799566352308
0.006083618814895378
0.008823940522694978
0.008052069858633725
0.007168224814410392
0.005468694171849513
0.004634019266423588
0.007075787500730207
0.007646239222222556
0.005028687698621498
0.006055976510507414
0.006313047148788525
0.00559581203395643
0.006405024214796237
0.00680437421996155
0.007264295760566362
0.007177374434394171
0.005658723530312357
0.009559347819870901
0.0055423068813130775
0.00532191418653268
0.004715325274707168
0.008566660296859225
0.006940137859550522
0.00693107723255345
0.0072486965210891855
0.005723361668705116
0.006049820117058397
0.005954664704929769
0.006379088649783403
0.006747300054848144
0.007005665009998983
0.0062543269797623625
0.005706333266821838
0.005471911200082122
0.006716556529789166
0.006149399591857978
0.006778179425959639
0.00596697853647997
0.003936647516518177
0.00832319190558843
0.008137821953116095
0.006911926041892493
0.0060985285398665505
0.008545734983512472
0.007576610686349449
0.007882016812719597
0.007958426662504396
0.0050075184005991475
0.006670281375651391
0.005259602849980105
0.00875942612404378
0.004378114307735194
0.006290164879497069
0.0065168281017645
0.005903901722421225
0.005793053414901975
0.007436356821077755
0.005193473861682197
0.006842977106861588
0.007024043471698694
0.007165548579842485
0.0051494144752364055
0.007446077435446325
0.004523658621290342
0.006683456704353553
0.0069639758401577705
0.006108560463660229
0.004980209184522589
0.007227264555592619
0.00606442528905648
0.005555850393152804
0.004297394770722
0.009196074642195825
0.00761871464388281
0.007206188493114443
0.008607905357949612
0.006628303450552762
0.0056007013092734155
0.004753092335664978
0.006597467647499871
0.0061853148527604195
0.007129521221531988
0.004922897688589443
0.006557492856523826
0.006844175401854129
0.0068551669829218075
0.006731988776746703
0.008142275829280978
0.009816390224640812
0.008057513670083739
0.006304540569469918
0.005848335614291152
0.005365827006492674
0.005403455379848307
0.005754028218506532
0.004761658726679986
0.007037542992364965
0.004221318685850249
0.008290984282623183
0.007380417228177297
0.006960301330755608
0.005762764439888152
0.007674642045101877
0.009585433695137842
0.006275603027918415
0.006033743745101132
0.005692023860378832
0.009367891187397292
0.007060648484915627
0.006796562387653227
0.006752440958709702
0.006921042048556932
0.005055759718682674
0.006600670050596914
0.004324235387831022
0.0054630930509566075
0.005224459973113248
0.003919653156594589
0.005368483184564693
0.006322934177893199
0.0068700723684456955
0.006093996824059485
0.006912265033898544
0.006318744344259088
0.005761145814932977
0.007175490519384916
0.006846781265148044
0.0061509955333720135
0.00802668554370646
0.006698043996500255
0.008303220913933606
0.00837707733967412
0.005714487883061373
0.006691856994651597
0.005794078633286224
0.007140469180237787
0.00763624334839834
0.008170628863249254
0.005331254819190937
0.004680386583845979
0.006778169559927663
0.005516396243708516
0.006630111878899994
0.007979963448297224
0.00573208514689041
0.006476665303195504
0.006920034034340691
0.004939683033035474
0.004663151341351048
0.006816436954557433
0.004022067909630613
0.0075580957147039
0.0068465864266574715
0.004224095669235203
0.004889080175152245
0.00575855838553298
0.005337745834399133
0.006315878211346396
0.0058504241842788785
0.005848695128220296
0.005653346244763337
0.00546756286195697
0.006789398947871718
0.005781503818352836
0.007214275764439902
0.00496513938594404
0.004462708730747437
0.005416780884974331
0.0072969979830763195
0.005662033966455888
0.0076711159323646656
0.007707180911101587
0.005577918600944245
0.003925117829651075
0.0063198697179738215
0.006464588666546234
0.005690147086806048
0.004690866536164525
0.00606821604208977
0.0067116201101331905
0.005902738492588956
0.004213355992120254
0.006117147596673878
0.00599869602667343
0.00701832999364269
0.006524322817035875
0.0067998642224192775
0.00643060261406853
0.004533807568509769
0.005635106148097363
0.007373478031078393
0.004822446799944314
0.00578226993470382
0.00699141857343166
0.007041509306969151
0.004685799116661455
0.006057928661665804
0.006867264592271374
0.005280600806338117
0.005107796520759471
0.00635365050243015
0.006436682416934025
0.003687781926524414
0.004188635716157073
0.004962031527798434
0.006198326640470921
0.0034556537270488035
0.005444697125066753
0.005938002999213187
0.004930098908859729
0.007396873613355597
0.005154175714103573
0.00608568316999383
0.0067853338014826434
0.006249641203384129
0.0037924485540761256
0.006306589089581466
0.005396614960515776
0.004447551154324184
0.006962176270419251
0.0051993416654299825
0.005266014121534073
0.005418620648649284
0.005782572278148937
0.0059245642354386115
0.007755362237110345
0.006411718905843699
0.004449840628551125
0.005044192597102488
0.004738085546083586
0.006852287337455346
0.005909748914485482
0.006064086431304657
0.007366362392022629
0.00718418372475656
0.007164943267564832
0.005721650773623027
0.006359459274975117
0.007848795104869884
0.006413944611644241
0.007392732042787378
0.0063877908083294814
0.007483275733047663
0.004968524952797995
0.005805026309661548
0.006743199217755977
0.005339403616211653
0.007846331642520108
0.008144415155120906
0.00869711132719187
0.00660651469288965
0.005944882123602376
0.00498388663952294
0.006717524306361307
0.005951483648265703
0.006216358992059948
0.005020175851349531
0.005403632887526862
0.004000211729874833
0.006651871528836052
0.0049444197354895835
0.0068274919951671125
0.00727240296626439
0.005136632207437631
0.0055198633098225685
0.006135479793046992
0.006227650670887013
0.006428217202219393
0.00752551788226549
0.006156140624091121
0.004809430088650561
0.006100357367995958
0.0051371423955111385
0.005523331223115211
0.007504616966016148
0.005808908843400121
0.005696675942151867
0.004829906785851512
0.0043517353733236366
0.0075416071445343945
0.006945055788935376
0.00573601584960859
0.005094903035251418
0.0055969903820487195
0.004150589700940838
0.004906359055204484
0.004954656385357092
0.004678718488475225
0.004823387177758412
0.004926966381379747
0.004417475464671368
0.005538416751468939
0.007179720199616879
0.006400887351744051
0.004634565209400422
0.006813954181176737
0.00862830295229005
0.006195582806864172
0.007421000414818963
0.008328905801366353
0.005586043181073737
0.004702614035062648
0.0049852686168557585
0.005095939644559442
0.006098898718335108
0.005892324665275752
0.006493462011841492
0.004978121703401962
0.00650382255770525
0.006536368461944698
0.007072238744451999
0.006083501783415195
0.00534704247379471
0.005532274029024889
0.005461385280836667
0.00482710620868224
0.006952245008836807
0.007869565862854309
0.0055119757360231605
0.006543442344100325